0.0
0.0
0.0
0.0
0.0
0.3381719969842749
0.2179708159633187
0.18208380900310914
0.1462141304356711
0.12433698145371261
0.10095909741658551
0.10807820664009478
0.09805917756480885
0.07300811515143324
0.08291729142168866
0.07588967848776422
0.07503991812467574
0.07555601578198316
0.07369896223369454
0.07816001483372279
0.06158248509679457
0.0642020457131522
0.06117483820234025
0.0514388758795602
0.054742080824715746
0.047650175775800434
0.03867187329701015
0.037386020251682826
0.037677566323961534
0.03584878444671631
0.03950882605143956
0.03547508614403862
0.029840808255331856
0.022837095771517067
0.029863705805369782
0.024009222303118027
0.01936174426759992
0.02162986721311297
0.024041091203689573
0.022665100608553205
0.02830277919769287
0.02738032817840576
0.03197598593575614
0.027035328149795528
0.022012578419276646
0.020489922761917117
0.026175731250217982
0.02516342282295227
0.031206036635807587
0.024944400106157578
0.021557752234595162
0.022217481987816947
0.017809577073369706
0.02267281583377293
0.015353485856737412
0.01975847806249346
0.013994384663445608
0.015554830942835126
0.02339703048978533
0.02188393899372646
0.020923727750778196
0.01587564195905413
0.01852773870740618
0.023520512580871577
0.018035269294466295
0.023944727948733736
0.015467605420521327
0.018931599514825002
0.01944635953222002
0.015569211414882114
0.010239749210221426
0.013609916312353953
0.015981883832386558
0.011009055886949812
0.014717811686652047
0.011455334254673549
0.013770793676376342
0.012532049247196742
0.01918978078024728
0.01839505706514631
0.012397585766656057
0.012563690883772714
0.01878887687410627
0.015421209718499845
0.010809102569307599
0.01379210463591984
0.012070943968636649
0.012201419217245919
0.017109959806714738
0.012824505567550656
0.01115670144557953
0.011522265672683716
0.014201729467936925
0.013284114599227907
0.010245696987424576
0.015733851194381712
0.013024530495916096
0.010940465416227067
0.012492105960845946
0.01044530919619969
0.0
0.0
0.0
0.0
0.0
0.07741986083877087
0.06452925310344178
0.05267268129154832
0.0
0.0
0.0
0.0
0.0
0.2860368644315583
0.25080240001868137
0.19766011432123054
0.20142441894274982
0.17365480456818466
