89.54000091552734
96.44999694824219
97.2699966430664
97.5999984741211
98.04000091552734
98.0999984741211
98.31999969482422
98.4000015258789
98.4000015258789
98.5
98.5999984741211
98.70999908447266
98.76000213623047
98.79000091552734
98.86000061035156
98.80000305175781
98.86000061035156
98.79000091552734
98.87000274658203
98.88999938964844
98.91000366210938
98.91000366210938
98.87000274658203
98.91999816894531
99.04000091552734
99.0
98.94999694824219
98.93000030517578
98.9800033569336
99.04000091552734
99.0199966430664
99.01000213623047
98.95999908447266
99.0
98.9800033569336
99.05000305175781
99.05000305175781
98.97000122070312
99.02999877929688
99.02999877929688
98.97000122070312
99.0999984741211
99.06999969482422
99.08000183105469
99.06999969482422
99.0999984741211
99.12000274658203
99.12000274658203
99.13999938964844
99.12000274658203
99.0999984741211
99.08000183105469
99.13999938964844
99.19000244140625
99.16999816894531
99.12999725341797
99.16000366210938
99.23999786376953
99.12999725341797
99.16999816894531
99.16999816894531
99.1500015258789
99.19000244140625
99.19000244140625
99.1500015258789
99.18000030517578
99.19000244140625
99.20999908447266
99.18000030517578
99.19999694824219
99.22000122070312
99.19000244140625
99.16000366210938
99.16000366210938
99.1500015258789
99.12999725341797
99.19000244140625
99.1500015258789
99.22000122070312
99.16000366210938
99.1500015258789
99.19999694824219
99.20999908447266
99.23999786376953
99.29000091552734
99.22000122070312
99.2300033569336
99.2300033569336
99.2300033569336
99.23999786376953
99.2300033569336
99.2300033569336
99.26000213623047
99.20999908447266
99.16000366210938
99.19000244140625
99.20999908447266
99.26000213623047
99.16000366210938
99.19999694824219
90.37000274658203
95.9800033569336
96.94999694824219
97.54000091552734
97.69999694824219
97.9000015258789
97.93000030517578
