88.87999725341797
96.12999725341797
97.22000122070312
97.62999725341797
97.80000305175781
98.01000213623047
98.22000122070312
98.33000183105469
98.44000244140625
98.52999877929688
98.62999725341797
98.69999694824219
98.68000030517578
98.66999816894531
98.76000213623047
98.7300033569336
98.69999694824219
98.83999633789062
98.87999725341797
98.91000366210938
98.9000015258789
98.87000274658203
98.97000122070312
98.9800033569336
98.95999908447266
99.0199966430664
99.02999877929688
99.05999755859375
99.05000305175781
99.05000305175781
98.9000015258789
98.98999786376953
99.04000091552734
99.05999755859375
99.01000213623047
99.04000091552734
98.97000122070312
99.05000305175781
99.02999877929688
99.05000305175781
99.05000305175781
99.11000061035156
99.06999969482422
99.12999725341797
99.05999755859375
99.05999755859375
99.1500015258789
99.0999984741211
99.05999755859375
99.05999755859375
99.02999877929688
99.13999938964844
99.12000274658203
99.11000061035156
99.05999755859375
99.08999633789062
99.06999969482422
99.13999938964844
99.16999816894531
99.16000366210938
99.12000274658203
99.11000061035156
99.20999908447266
99.20999908447266
99.20999908447266
99.16000366210938
99.18000030517578
99.18000030517578
99.18000030517578
99.16999816894531
99.1500015258789
99.18000030517578
99.19999694824219
99.13999938964844
99.19000244140625
99.19000244140625
99.12000274658203
99.25
99.2699966430664
99.11000061035156
99.16999816894531
99.20999908447266
99.16999816894531
99.26000213623047
99.2699966430664
99.26000213623047
99.2300033569336
99.16999816894531
99.20999908447266
99.20999908447266
99.19000244140625
99.20999908447266
99.2300033569336
99.19000244140625
99.19999694824219
99.1500015258789
99.23999786376953
99.30000305175781
99.2699966430664
99.25
81.51000213623047
96.01000213623047
96.98999786376953
97.62999725341797
97.87000274658203
