11.819999694824219
11.380000114440918
11.329999923706055
11.3100004196167
11.3100004196167
11.350000381469727
11.199999809265137
11.390000343322754
11.289999961853027
11.430000305175781
11.329999923706055
11.430000305175781
11.430000305175781
11.5
11.529999732971191
11.470000267028809
11.460000038146973
11.479999542236328
11.40999984741211
11.449999809265137
11.420000076293945
11.460000038146973
11.430000305175781
11.420000076293945
11.390000343322754
11.380000114440918
11.390000343322754
11.369999885559082
11.399999618530273
11.399999618530273
11.5
11.5
11.4399995803833
11.460000038146973
11.520000457763672
11.4399995803833
11.430000305175781
11.390000343322754
11.489999771118164
11.460000038146973
11.479999542236328
11.420000076293945
11.4399995803833
11.479999542236328
11.40999984741211
11.369999885559082
11.430000305175781
11.449999809265137
11.380000114440918
11.460000038146973
11.4399995803833
11.40999984741211
11.369999885559082
11.460000038146973
11.460000038146973
11.4399995803833
11.399999618530273
11.380000114440918
11.4399995803833
11.420000076293945
11.460000038146973
11.449999809265137
11.420000076293945
11.380000114440918
11.4399995803833
11.479999542236328
11.4399995803833
11.489999771118164
11.40999984741211
11.40999984741211
11.399999618530273
11.399999618530273
11.399999618530273
11.399999618530273
11.40999984741211
11.40999984741211
11.369999885559082
11.399999618530273
11.399999618530273
11.399999618530273
11.40999984741211
11.420000076293945
11.430000305175781
11.4399995803833
11.350000381469727
11.350000381469727
11.40999984741211
11.369999885559082
11.390000343322754
11.390000343322754
11.369999885559082
11.399999618530273
11.420000076293945
11.420000076293945
11.380000114440918
11.399999618530273
11.40999984741211
11.359999656677246
11.449999809265137
11.399999618530273
9.319999694824219
10.739999771118164
8.949999809265137
9.270000457763672
9.539999961853027
10.300000190734863
10.729999542236328
