0
0
0
0
0
1.2465072497759417
1.318096083003607
1.2525980926344036
1.395716729028352
1.2791510757947102
1.3845558899671933
1.4028380594270153
1.2823302827267522
1.3203024891238995
1.222773648503721
1.3334982980030983
1.3297148805445858
1.3204911299920357
1.286380042291104
1.3568483424372333
1.3713591530280156
1.3041485913721924
1.3166147048301657
1.3635835349564696
1.3938353116511526
1.3873941495452597
1.3286791977484012
1.3794480796890554
1.4414340918329431
1.453949032012599
1.41598469859837
1.4580274469956422
1.4584265975114261
1.475212682999469
1.4858777677820174
1.3414821692315115
1.4055911091911741
1.4638717287838152
1.4023387936471496
1.5690516461754704
1.4680495445739739
1.4671551069640805
1.4852213720984844
1.4304759203131983
1.5067495126613721
1.3965372501533753
1.4950128365177402
1.462727182555191
1.456117503278859
1.615622290247531
1.48525526859396
1.4690649657517978
1.4792538409826652
1.4766914917316327
1.451909323764374
1.4332014757447238
1.4336857950415505
1.5910899479763756
1.469796732656621
1.43173268325775
1.6314063391594467
1.5172029829221596
1.5164172739374853
1.3583187591125725
1.5607337469500835
1.6180970531080978
1.5100292703353349
1.4357016654501649
1.4700653162379482
1.7159333083336248
1.486084216336738
1.509116661156639
1.526746316282195
1.5940786588084825
1.4426034192483945
1.5050736057973169
1.501213352974925
1.5571970585371473
1.4324116107632303
1.4700593997285214
1.4969515862629714
1.5849201041423981
1.4927924150096898
1.4601657976386113
1.4727951679170883
1.578425847075124
1.5441940767710007
1.5340046809025185
1.496207393887783
1.6189491855561338
1.4910143218375946
1.6782899628482406
1.5149501314003735
1.6978131264078526
1.5576469880923165
1.5598435612118244
1.6579557335042936
1.3196377712361609
1.420733075781948
1.6797492331375785
0
0
0
0
0
0.5379992945860992
0.6098652090741148
