0.9315248430179324
0.23508017648940083
0.1269512964330883
0.08570363153779029
0.06906975639393342
0.06575438351756305
0.051599325286525874
0.05808650272672659
0.04084151295391495
0.049336562629348595
0.037288660057151
0.036242663676126094
0.0334911908255008
0.029409460079661765
0.030047520906790658
0.032757201366641744
0.026722628349468137
0.024681595348454585
0.028241411542260092
0.027426994742796924
0.02507454073604316
0.02435584174468998
0.022522975578902038
0.0224177010586407
0.027622075764525106
0.021015402682841237
0.019475787838985487
0.01998623589992288
0.020689058381736437
0.016483854607236302
0.016267878929422448
0.01859662898457556
0.016129179997006658
0.01456518998329013
0.016228412567690434
0.016471168519559543
0.013451408081605845
0.017269317880556863
0.01611254393397056
0.015884941186669894
0.008079831434102609
0.01383433133441545
0.011975441575536701
0.009953191985719418
0.014930303947747404
0.01054144390735405
0.011624062130607004
0.014304347827661828
0.012976113785022447
0.010426711082209338
0.01002157385740556
0.015304107843834337
0.009748025360145874
0.010620398105072423
0.012879095718838255
0.007622993673798574
0.01172134216399438
0.008171698650124414
0.00984840180542026
0.009979836017629657
0.013454911866791316
0.010606929372981338
0.007862587515218542
0.010871857344692497
0.00805365281057461
0.013292921560536316
0.00605685620523347
0.008889746332061032
0.008390568266647387
0.01048961854957987
0.006431609801425585
0.007585631314841737
0.006331466019541193
0.013138692300505841
0.006828329670793025
0.007582277374642679
0.007252663132533835
0.006031549235203436
0.004802216629651916
0.007219091879626133
0.009539812589799603
0.005874724366671652
0.006079021881179596
0.008163796796270672
0.008056015852626715
0.006119103091380363
0.009304600134893471
0.006271701538108511
0.009075334734127838
0.006023215352196517
0.008242497698678053
0.005826983214619427
0.004456850349340743
0.006645399478184444
0.005180761252683546
0.009182290168597132
0.0067409524424710075
0.004429619811449114
0.007537580073845977
0.0033722503734473024
0.9723973997178991
0.28453409765753584
0.14284753813983114
0.09124770754671305
0.07817017357376314
