0.9095680109864732
0.2313535942159835
0.11542957208490287
0.09321060633331213
0.08109101367507977
0.060673828435737126
0.05838924380251688
0.04605493612783903
0.04770904408628924
0.04329747020314035
0.049766675133216816
0.033141915751475834
0.03582882745407024
0.0369793174304927
0.02643796316043272
0.02890236373376671
0.026345473655881562
0.03211923021855608
0.027973601575085782
0.023168584221469946
0.02819016861542815
0.028970195423603597
0.018114888270488985
0.017821132097360328
0.016571876296801787
0.019492559126975752
0.019740869435093813
0.019805244690970152
0.018426030626584954
0.016901839260116742
0.016539727423881437
0.01385597198175373
0.018548423454470706
0.016384582074180577
0.014876451856291238
0.021982691843050083
0.01205634076744275
0.015247332614850975
0.015909915550862557
0.012406380417522825
0.017134128525764906
0.016970228214366268
0.013024508739737494
0.010884274289545753
0.01405297741040732
0.015954919619204526
0.013292426359913045
0.008866028202445904
0.015893954811290235
0.012106026696497968
0.016295887693366616
0.010436861322680615
0.010051361170377363
0.008843212759686043
0.017107457916655158
0.009873806320329359
0.0077428202018811326
0.00919352609076405
0.010371546344946057
0.010158012759532353
0.008868207923119648
0.013945126524968312
0.006481050145152312
0.00911830018888598
0.012328061409485431
0.009758669859024297
0.005515089344424801
0.010036336121965935
0.005927997096570739
0.008106050836271616
0.005505215958127968
0.01362297358634713
0.008608402734798026
0.006284679911945887
0.007099287124933944
0.007913534654423644
0.008595082687724532
0.008142766724092339
0.005187816351703738
0.007902477393118012
0.0047127578966381905
0.0086863236711762
0.008101991547691634
0.0047663232369470785
0.00901259108056544
0.011413050755843639
0.004849155715834047
0.007818300476343425
0.004701340252977175
0.01141630080947899
0.00727870052075388
0.005456498387765706
0.003386261608681936
0.004966918446008422
0.009198407915229708
0.004114614582854382
0.009306198327037862
0.005187486548631118
0.009593399143607132
0.005067549088991727
0.9890904845311888
0.2771854066219653
0.13555689766107637
0.09978238843657053
0.08805216932697357
0.07805709870291082
0.06910479192469371
