90.20999908447266
94.76000213623047
95.66999816894531
96.05999755859375
96.29000091552734
96.36000061035156
96.55000305175781
96.66999816894531
96.77999877929688
96.81999969482422
96.93000030517578
96.9800033569336
97.02999877929688
97.05999755859375
97.11000061035156
97.18000030517578
97.22000122070312
97.22000122070312
97.25
97.26000213623047
97.29000091552734
97.30999755859375
97.33000183105469
97.33999633789062
97.36000061035156
97.37999725341797
97.41999816894531
97.41000366210938
97.41999816894531
97.41999816894531
97.41999816894531
97.44000244140625
97.44000244140625
97.45999908447266
97.45999908447266
97.4800033569336
97.48999786376953
97.48999786376953
97.5
97.5
97.5
97.54000091552734
97.55999755859375
97.56999969482422
97.58000183105469
97.5999984741211
97.5999984741211
97.5999984741211
97.61000061035156
97.61000061035156
97.61000061035156
97.62999725341797
97.63999938964844
97.6500015258789
97.66999816894531
97.69000244140625
97.69000244140625
97.69000244140625
97.69999694824219
97.69000244140625
97.69000244140625
97.69000244140625
97.69999694824219
97.69000244140625
97.72000122070312
97.7300033569336
97.7300033569336
97.7300033569336
97.73999786376953
97.73999786376953
97.73999786376953
97.73999786376953
97.73999786376953
97.75
97.7699966430664
97.7699966430664
97.77999877929688
97.7699966430664
97.76000213623047
97.76000213623047
97.7699966430664
97.7699966430664
97.7699966430664
97.7699966430664
97.7699966430664
97.77999877929688
97.77999877929688
97.79000091552734
97.80999755859375
97.81999969482422
97.80999755859375
97.81999969482422
97.83000183105469
97.83000183105469
97.83000183105469
97.83000183105469
97.83000183105469
97.83000183105469
97.83000183105469
97.83999633789062
10.100000381469727
10.130000114440918
21.450000762939453
32.310001373291016
36.04999923706055
43.790000915527344
50.66999816894531
58.38999938964844
61.06999969482422
63.0099983215332
10.279999732971191
11.979999542236328
19.760000228881836
90.69000244140625
