0.9883997404673994
0.23718527046231191
0.14479980099095718
0.12471865220632505
0.11861890657184657
0.12508378729639255
0.09625172903882086
0.09690379141358886
0.0953768526394687
0.08183698527660521
0.09295945058560821
0.11058321764906
0.09014244012773416
0.07520260109814796
0.09292121191504983
0.07797802073651168
0.07558710083565363
0.08620055959269513
0.0799427863649764
0.07521145339409575
0.09339164189952402
0.07441594891058559
0.0707685716817272
0.0796093274034933
0.07264537571490244
0.07231500631436831
0.07635325215924219
0.07805941801714546
0.07778789520089743
0.08037998637311533
0.06985445200689874
0.07231086643473686
0.06867314571168157
0.06577845503118553
0.07529763178392648
0.07068426295388953
0.07798831295699192
0.08256232338370482
0.0755238374079961
0.08490680480682536
0.07183336426438598
0.06845713093428012
0.06785021028390732
0.06307428038068395
0.07675220065442798
0.07093438549966649
0.05979713141287624
0.06657601147640627
0.06576820385910419
0.07090839218738589
0.06450704834312197
0.07948836041474219
0.0555547651269053
0.0807947322060158
0.056703056843797096
0.07000513751942572
0.07992824310013905
0.07275950375371688
0.06457622069843678
0.0659660944526957
0.06451970310063743
0.06496440118706934
0.06347180794544433
0.08108827254298737
0.06453975805989393
0.07277527084654921
0.06954522170555409
0.07062023919925679
0.06767784004229978
0.06144572303139161
0.056172808195340214
0.07347396846457939
0.06194439498723347
0.061425556257708916
0.07131838863108696
0.07264739867630111
0.06902570628258872
0.05956657993525819
0.06828336268515764
0.06867084540913594
0.07238980464525925
0.07003845757673317
0.06599029361585232
0.05369643021019576
0.05836269199197331
0.06576012969383883
0.06277134487275521
0.056706947718515414
0.06306816397987476
0.0660814120827909
0.06745996715762168
0.05880632251677634
0.06613036794321542
0.06346180469140651
0.06338547141103505
0.07379214615764347
0.061407306308599266
0.06581710503526829
0.06365730076521917
0.07113111333574883
