84.95833587646484
93.62833404541016
95.02666473388672
95.65666961669922
96.03500366210938
96.20500183105469
96.17666625976562
96.07499694824219
95.89833068847656
95.6883316040039
95.57166290283203
95.39666748046875
95.2316665649414
95.00666809082031
94.67833709716797
94.55333709716797
94.1449966430664
93.81666564941406
93.42666625976562
92.88833618164062
92.35832977294922
91.52333068847656
90.6816635131836
90.11333465576172
88.75666809082031
88.1500015258789
87.413330078125
86.37166595458984
85.31500244140625
84.0183334350586
83.586669921875
82.81500244140625
82.10166931152344
81.5616683959961
81.26166534423828
81.30500030517578
81.66666412353516
81.4816665649414
82.04666900634766
81.8316650390625
81.13833618164062
81.836669921875
81.43499755859375
81.3183364868164
81.47666931152344
81.69666290283203
81.61166381835938
81.47000122070312
80.94499969482422
81.23500061035156
81.55333709716797
81.54833221435547
81.6500015258789
81.18499755859375
81.82833099365234
81.77333068847656
82.19000244140625
82.63833618164062
82.35166931152344
82.44499969482422
82.28333282470703
82.74166870117188
82.75666809082031
82.3550033569336
82.58000183105469
82.461669921875
82.46499633789062
82.91666412353516
82.52833557128906
82.73332977294922
83.31500244140625
83.53333282470703
83.42166900634766
83.55333709716797
83.4749984741211
83.73999786376953
83.86666870117188
84.0183334350586
83.6933364868164
83.51000213623047
83.45166778564453
83.5
83.36333465576172
83.49166870117188
83.8066635131836
84.00499725341797
84.21333312988281
84.27833557128906
83.6683349609375
83.94166564941406
84.07166290283203
84.0683364868164
84.07666778564453
84.01333618164062
84.03166961669922
83.9816665649414
83.9316635131836
84.08999633789062
84.11499786376953
84.43333435058594
9.751667022705078
11.433333396911621
11.510000228881836
12.048333168029785
12.143333435058594
13.175000190734863
11.583333015441895
11.523333549499512
44.51499938964844
92.75166320800781
94.60166931152344
95.42166900634766
95.83833312988281
96.03166961669922
96.07833099365234
96.13833618164062
96.07833099365234
96.08000183105469
