1.004601560088708
0.22686297631199498
0.16367313030411568
0.13087958508082392
0.11317634451612776
0.1085776312172032
0.09508187481640083
0.10094081796449543
0.0987255835764104
0.10537887843993654
0.08729337890210652
0.09310501538374086
0.08349041816278482
0.09520917511424655
0.08671225886056125
0.09347238054244947
0.0873247739367993
0.08981890361843875
0.0897478679653588
0.08871240057137704
0.08968328788764937
0.07513213333202592
0.07671046634250925
0.08115277549781008
0.06949243592614567
0.08624616951908377
0.08565608381526137
0.09081410435292012
0.08134161634146578
0.07173105708351103
0.07647911600616958
0.07857990703852417
0.08955835424380224
0.09499496384108073
0.0740696810431094
0.08867477251226451
0.07924008088188281
0.07911364106347683
0.06922082565322228
0.07925117809091921
0.0761278342633911
0.08623263164266286
0.08219365065754972
0.07148174267342428
0.07833715658486536
0.07701285274420659
0.09568761369743425
0.07773682146374794
0.0771475857318087
0.07919233688432066
0.06591238316172374
0.07403899723869424
0.07657699165001704
0.0794368560780905
0.0847257384401636
0.06564512543573872
0.074603088803996
0.09010369609067287
0.07301553149043842
0.08430547388641364
0.07833461124266519
0.07711001727590995
0.07148702871486405
0.08060556171645282
0.0810136926495153
0.08135385287230121
0.08192493047317075
0.07826693147731482
0.07461858589538678
0.054661725238473145
0.06710115187456205
0.07598284771901091
0.07106024269386532
0.08477906300962881
0.06894412969073592
0.07511199670092576
0.06276725626467435
0.07319533048852025
0.0700393966045533
0.0722297693063257
0.05730422842441708
0.07954266307113277
0.07423532191533727
0.06478148752311953
0.06740423061668536
0.06697058241690643
0.0723168446285683
0.07182819237636726
0.07808670478281664
0.07560478313735282
0.08714916462414483
0.07531037870473897
0.07358246229613435
0.08004193056742631
0.06294613907915271
0.0705874071655527
0.0610485311884668
0.07673709857521924
0.07324985738924848
0.07506960005398254
0.2586276763453583
0.2620025729215281
0.15033369991110726
0.11044419713200479
0.08574186802644065
0.08270340576928825
0.05960795198214881
0.08690369905518214
1.0210057180108332
0.3029265413146525
0.18596124134455322
0.15320487397680743
0.1295695266508253
0.10810219261810916
0.11637702804812364
0.098576421836669
0.10697030419454816
0.0943788163450117
